90
0
90
30
90
60
90
90
90
120
90
150
90
180
90
90
210
90
240
90
270
90
300
90
330
90
360
90
390
90
420
90
450
120
90
120
450
150
90
150
450
180
90
180
450
210
90
210
450
150
180
150
210
150
240
150
330
150
360
150
390
180
180
180
390
180
450
210
180
140
180
210
240
240
240
210
270
210
300
210
330
240
330
210
390
330
180
330
240
330
330
330
390
360
180
360
240
360
270
360
300
360
330
360
390
330
180
270
180
270
390
300
390
300
180
360
90
390
90
420
90
450
90
480
90
360
450
390
450
420
450
480
450
480
120
480
150
480
180
480
210
480
240
480
270
480
300
480
330
480
360
480
390
480
420
390
390
390
180
420
180
420
210
420
240
420
330
420
360
420
390