30
30
60
30
90
30
120
30
150
30
180
30
210
30
240
30
270
30
300
30
330
30
360
30
390
30
420
30
450
30
480
30
510
30
510
60
510
90
510
120
510
150
510
180
30
60
30
90
30
120
30
150
30
180
270
60
270
90
270
120
270
150
270
180
270
210
270
240
240
240
210
240
270
240
300
240
330
240
360
240
390
240
120
120
150
120
180
120
360
120
390
120
420
120
450
120
450
150
450
180
450
210
450
240
450
270
450
300
450
330
450
360
450
390
450
420
450
450
450
480
420
480
390
480
360
480
90
120
90
150
90
180
90
210
90
240
90
270
90
300
90
330
90
360
90
390
90
420
90
450
90
480
90
510
90
540
120
540
150
540
180
540
210
540
240
540
270
540
300
540
330
540
360
540
390
540
420
540
450
540
480
540
510
540
480
270
510
270
540
270
570
270
510
510
510
360
510
390
510
420
510
450
510
480
0
270
30
270
60
270
30
360
30
390
30
420
30
450
30
480
30
510
30
540
30
570
360
270
360
300
360
330
360
360
360
390
330
390
300
390
300
420
300
450