90
0
90
30
90
60
90
90
60
90
120
90
150
90
180
90
180
60
180
30
150
30
270
0
420
0
480
0
270
30
420
30
480
30
270
60
420
60
480
60
300
60
330
60
330
90
420
90
480
90
330
120
420
120
480
120
270
120
270
150
420
150
480
150
270
180
420
180
480
180
270
210
330
210
360
210
390
210
420
210
30
240
60
240
90
240
270
240
330
240
30
270
150
270
180
270
210
270
240
270
270
270
330
270
480
270
30
300
150
300
270
300
330
300
480
300
30
330
60
330
90
330
120
330
150
330
270
330
330
330
480
330
150
360
210
360
270
360
330
270
480
360
150
390
210
390
270
390
330
390
480
390
150
420
210
420
270
420
480
420
510
420
540
420
570
420
150
450
210
450
270
450
360
450
390
450
420
450
480
450
0
480
30
480
60
480
90
480
150
480
210
480
270
480
360
480
420
480
150
510
210
510
270
510
300
510
330
510
360
510
420
510
480
510
60
540
90
540
120
540
150
540
180
540
210
540
480
540
210
570
480
570
