30
30
60
30
90
30
120
30
150
30
180
30
210
30
240
30
330
30
360
30
390
30
420
30
450
30
480
30
510
30
540
30
30
60
540
60
30
90
240
90
270
90
300
90
330
90
360
90
540
90
30
120
540
120
30
150
150
150
180
150
210
150
240
150
330
150
360
150
390
150
420
150
540
150
30
180
150
180
420
180
540
180
30
210
90
210
150
210
300
210
420
210
480
210
540
210
90
240
300
240
480
240
90
270
180
270
210
270
240
270
270
270
300
270
330
270
360
270
390
270
480
270
90
300
300
300
480
300
30
330
90
330
150
330
300
330
420
330
480
330
540
330
30
360
150
360
300
360
420
360
540
360
30
390
150
390
420
390
540
390
30
420
150
420
180
420
210
420
240
420
330
420
360
420
390
420
420
420
540
420
30
450
540
450
30
480
240
480
270
480
300
480
330
480
360
480
540
480
30
510
540
510
30
540
60
540
90
540
120
540
150
540
180
540
210
540
240
540
330
540
360
540
390
540
420
540
450
540
480
540
510
540
540
540
